1513070072	159	25	1376	4465	382
1513156480	159	22	1456	4545	401
1515921492	184	29	1117	5771	236
1518599082	191	11	846	6623	129
1521019053	196	17	891	7561	295
1523697648	208	0	1180	8883	0
1526289589	220	0	413	9610	0
1528967971	220	0	0	9610	0
1531560060	220	0	0	9610	0
1534238327	220	0	0	9610	0
1536916751	220	0	0	9610	0
1539508764	220	0	0	9610	0
1542187302	220	0	0	9610	0
1544347265	220	0	0	9610	0
1544347265	220	0	0	9610	0
1544347265	220	0	0	9610	0
1544347265	220	0	0	9610	0
1544347265	220	0	0	9610	0
1544347265	220	0	0	9610	0
1544347265	220	0	0	9610	0
1544347265	220	0	0	9610	0
1544347265	220	0	0	9610	0
1544347265	220	0	0	9610	0
1544347265	220	0	0	9610	0
1544347265	220	0	0	9610	0
1544347265	220	0	0	9610	0
1544347265	220	0	0	9610	0
1544347265	220	0	0	9610	0
1544347265	220	0	0	9610	0
1544347265	220	0	0	9610	0
1544347265	220	0	0	9610	0
1544347265	220	0	0	9610	0
1544347265	220	0	0	9610	0
1544347265	220	0	0	9610	0
1544347265	220	0	0	9610	0
1544347265	220	0	0	9610	0
1544347265	220	0	0	9610	0
1544347265	220	0	0	9610	0
1544347265	220	0	0	9610	0
1544347265	220	0	0	9610	0
1544347265	220	0	0	9610	0
1544347265	220	0	0	9610	0
1544347265	220	0	0	9610	0
1544347265	220	0	0	9610	0
